400
500
449
-1.372215 
-1.343627 
-1.315040 
-1.286452 
-1.257864 
-1.229276 
-1.200688 
-1.172101 
-1.143513 
-1.114925 
-1.086337 
-1.057749 
-1.029161 
-1.000574 
-0.971986 
-0.943398 
-0.914810 
-0.886222 
-0.857635 
-0.829047 
-0.800459 
-0.771871 
-0.743283 
-0.714695 
-0.686108 
-0.657520 
-0.628932 
-0.600344 
-0.571756 
-0.543169 
-0.514581 
-0.485993 
-0.457405 
-0.428817 
-0.400229 
-0.371642 
-0.343054 
-0.314466 
-0.285878 
-0.257290 
-0.228703 
-0.200115 
-0.171527 
-0.142939 
-0.114351 
-0.085763 
-0.057176 
0.000000 
0.000000 
0.000000 
0.057176 
0.085763 
0.114351 
0.142939 
0.171527 
0.200115 
0.228703 
0.257290 
0.285878 
0.314466 
0.343054 
0.371642 
0.400229 
0.428817 
0.457405 
0.485993 
0.514581 
0.543169 
0.571756 
0.600344 
0.628932 
0.657520 
0.686108 
0.714695 
0.743283 
0.771871 
0.800459 
0.829047 
0.857635 
0.886222 
0.914810 
0.943398 
0.971986 
1.000574 
1.029161 
1.057749 
1.086337 
1.114925 
1.143513 
1.172101 
1.200688 
1.229276 
1.257864 
1.286452 
1.315040 
1.343627 
1.372215 
1.400803 
1.429391 
1.457979 
1.486567 
