0.000000
0.003490
0.006980
0.010470
0.013960
0.017449
0.020938
0.024428
0.027916
0.031405
0.034893
0.038381
0.041868
0.045354
0.048841
0.052326
0.055811
0.059295
0.062779
0.066261
0.069743
0.073224
0.076705
0.080184
0.083662
0.087139
0.090616
0.094091
0.097565
0.101037
0.104509
0.107979
0.111448
0.114916
0.118382
0.121846
0.125310
0.128771
0.132232
0.135690
0.139147
0.142602
0.146056
0.149507
0.152957
0.156405
0.159851
0.163295
0.166738
0.170178
0.173616
0.177052
0.180485
0.183917
0.187346
0.190773
0.194198
0.197621
0.201041
0.204458
0.207873
0.211286
0.214695
0.218103
0.221507
0.224909
0.228309
0.231705
0.235099
0.238489
0.241877
0.245262
0.248644
0.252023
0.255399
0.258771
0.262141
0.265507
0.268870
0.272230
0.275587
0.278940
0.282290
0.285636
0.288979
0.292318
0.295654
0.298986
0.302315
0.305640
0.308961
0.312278
0.315592
0.318901
0.322207
0.325509
0.328807
0.332101
0.335391
0.338677
0.341958
0.345236
0.348509
0.351778
0.355043
0.358303
0.361559
0.364811
0.368058
0.371301
0.374539
0.377773
0.381002
0.384227
0.387446
0.390661
0.393872
0.397077
0.400278
0.403474
0.406664
0.409850
0.413031
0.416207
0.419378
0.422544
0.425704
0.428860
0.432010
0.435155
0.438294
0.441428
0.444557
0.447681
0.450799
0.453911
0.457018
0.460120
0.463216
0.466306
0.469390
0.472469
0.475542
0.478609
0.481671
0.484726
0.487776
0.490819
0.493857
0.496889
0.499914
0.502934
0.505947
0.508955
0.511956
0.514951
0.517939
0.520921
0.523897
0.526867
0.529830
0.532787
0.535737
0.538680
0.541617
0.544548
0.547472
0.550389
0.553299
0.556203
0.559100
0.561990
0.564874
0.567750
0.570619
0.573482
0.576338
0.579186
0.582028
0.584862
0.587689
0.590509
0.593322
0.596128
0.598927
0.601718
0.604502
0.607278
0.610047
0.612809
0.615563
0.618310
0.621049
0.623780
0.626504
0.629221
0.631929
0.634630
0.637324
0.640009
0.642687
0.645357
0.648019
0.650673
0.653319
0.655957
0.658587
0.661210
0.663824
0.666430
0.669028
0.671618
0.674199
0.676773
0.679338
0.681895
0.684443
0.686984
0.689516
0.692039
0.694554
0.697061
0.699559
0.702048
0.704530
0.707002
0.709466
0.711921
0.714368
0.716805
0.719235
0.721655
0.724066
0.726469
0.728863
0.731248
0.733624
0.735991
0.738350
0.740699
0.743039
0.745370
0.747692
0.750005
0.752309
0.754604
0.756889
0.759165
0.761432
0.763690
0.765939
0.768178
0.770407
0.772628
0.774839
0.777040
0.779232
0.781415
0.783588
0.785751
0.787905
0.790050
0.792184
0.794309
0.796425
0.798530
0.800626
0.802713
0.804789
0.806856
0.808912
0.810959
0.812996
0.815024
0.817041
0.819048
0.821045
0.823033
0.825010
0.826977
0.828934
0.830882
0.832818
0.834745
0.836662
0.838568
0.840465
0.842351
0.844226
0.846092
0.847947
0.849792
0.851626
0.853450
0.855264
0.857067
0.858860
0.860642
0.862414
0.864176
0.865927
0.867667
0.869397
0.871116
0.872824
0.874522
0.876210
0.877886
0.879552
0.881207
0.882852
0.884485
0.886108
0.887721
0.889322
0.890912
0.892492
0.894061
0.895619
0.897166
0.898702
0.900227
0.901741
0.903244
0.904736
0.906217
0.907687
0.909146
0.910594
0.912031
0.913457
0.914872
0.916275
0.917668
0.919049
0.920419
0.921777
0.923125
0.924461
0.925786
0.927100
0.928402
0.929694
0.930973
0.932242
0.933499
0.934745
0.935979
0.937202
0.938414
0.939614
0.940802
0.941980
0.943145
0.944300
0.945442
0.946574
0.947693
0.948802
0.949898
0.950983
0.952057
0.953119
0.954169
0.955207
0.956234
0.957250
0.958254
0.959246
0.960226
0.961195
0.962151
0.963097
0.964030
0.964952
0.965862
0.966760
0.967647
0.968521
0.969384
0.970235
0.971074
0.971902
0.972717
0.973521
0.974313
0.975093
0.975861
0.976617
0.977362
0.978094
0.978815
0.979523
0.980220
0.980905
0.981578
0.982238
0.982887
0.983524
0.984149
0.984762
0.985363
0.985952
0.986529
0.987094
0.987647
0.988187
0.988716
0.989233
0.989738
0.990230
0.990711
0.991180
0.991636
0.992080
0.992513
0.992933
0.993341
0.993737
0.994121
0.994493
0.994853
0.995200
0.995536
0.995859
0.996170
0.996469
0.996756
0.997031
0.997294
0.997544
0.997783
0.998009
0.998223
0.998425
0.998615
0.998792
0.998957
0.999111
0.999252
0.999381
0.999497
0.999602
0.999694
0.999775
0.999843
0.999898
0.999942
0.999974
0.999993
1.000000
0.999995
0.999978
0.999948
0.999907
0.999853
0.999787
0.999709
0.999618
0.999516
0.999401
0.999275
0.999136
0.998984
0.998821
0.998646
0.998458
0.998258
0.998046
0.997822
0.997586
0.997337
0.997077
0.996804
0.996519
0.996222
0.995913
0.995591
0.995258
0.994913
0.994555
0.994185
0.993803
0.993409
0.993003
0.992585
0.992155
0.991712
0.991258
0.990791
0.990313
0.989822
0.989320
0.988805
0.988278
0.987739
0.987188
0.986626
0.986051
0.985464
0.984865
0.984254
0.983631
0.982996
0.982349
0.981691
0.981020
0.980337
0.979642
0.978936
0.978217
0.977487
0.976745
0.975990
0.975224
0.974446
0.973656
0.972855
0.972041
0.971216
0.970379
0.969529
0.968669
0.967796
0.966911
0.966015
0.965107
0.964188
0.963256
0.962313
0.961358
0.960391
0.959413
0.958423
0.957421
0.956408
0.955383
0.954346
0.953298
0.952238
0.951166
0.950083
0.948989
0.947882
0.946765
0.945635
0.944495
0.943342
0.942178
0.941003
0.939816
0.938618
0.937409
0.936188
0.934955
0.933711
0.932456
0.931190
0.929912
0.928622
0.927322
0.926010
0.924687
0.923353
0.922007
0.920650
0.919282
0.917903
0.916512
0.915111
0.913698
0.912274
0.910839
0.909393
0.907936
0.906468
0.904988
0.903498
0.901997
0.900485
0.898961
0.897427
0.895882
0.894326
0.892759
0.891181
0.889593
0.887993
0.886383
0.884762
0.883130
0.881487
0.879834
0.878170
0.876495
0.874810
0.873113
0.871407
0.869689
0.867961
0.866223
0.864474
0.862714
0.860944
0.859163
0.857372
0.855571
0.853759
0.851937
0.850104
0.848261
0.846407
0.844544
0.842670
0.840786
0.838891
0.836986
0.835071
0.833146
0.831211
0.829266
0.827310
0.825345
0.823369
0.821384
0.819388
0.817382
0.815367
0.813341
0.811306
0.809261
0.807206
0.805141
0.803066
0.800981
0.798887
0.796783
0.794669
0.792546
0.790413
0.788270
0.786118
0.783956
0.781785
0.779604
0.777413
0.775213
0.773004
0.770785
0.768557
0.766320
0.764073
0.761817
0.759551
0.757276
0.754992
0.752699
0.750397
0.748086
0.745765
0.743436
0.741097
0.738749
0.736393
0.734027
0.731652
0.729269
0.726876
0.724475
0.722065
0.719646
0.717219
0.714782
0.712337
0.709883
0.707421
0.704950
0.702470
0.699982
0.697486
0.694980
0.692467
0.689945
0.687414
0.684875
0.682328
0.679773
0.677209
0.674637
0.672057
0.669468
0.666872
0.664267
0.661654
0.659033
0.656404
0.653767
0.651123
0.648470
0.645809
0.643141
0.640464
0.637780
0.635088
0.632388
0.629681
0.626966
0.624243
0.621513
0.618775
0.616030
0.613277
0.610517
0.607749
0.604974
0.602191
0.599401
0.596604
0.593799
0.590988
0.588169
0.585343
0.582509
0.579669
0.576822
0.573967
0.571106
0.568238
0.565362
0.562480
0.559591
0.556696
0.553793
0.550884
0.547968
0.545045
0.542116
0.539180
0.536237
0.533288
0.530332
0.527370
0.524402
0.521427
0.518446
0.515459
0.512465
0.509465
0.506459
0.503446
0.500428
0.497403
0.494372
0.491336
0.488293
0.485244
0.482190
0.479129
0.476063
0.472991
0.469913
0.466830
0.463741
0.460646
0.457545
0.454439
0.451328
0.448211
0.445088
0.441960
0.438827
0.435688
0.432544
0.429395
0.426240
0.423081
0.419916
0.416746
0.413571
0.410391
0.407206
0.404016
0.400821
0.397621
0.394416
0.391207
0.387993
0.384774
0.381550
0.378322
0.375089
0.371851
0.368609
0.365363
0.362112
0.358857
0.355597
0.352333
0.349065
0.345792
0.342515
0.339234
0.335949
0.332660
0.329367
0.326069
0.322768
0.319463
0.316154
0.312841
0.309524
0.306204
0.302880
0.299552
0.296220
0.292885
0.289546
0.286204
0.282858
0.279509
0.276156
0.272800
0.269441
0.266079
0.262713
0.259344
0.255972
0.252596
0.249218
0.245837
0.242452
0.239065
0.235675
0.232281
0.228886
0.225487
0.222085
0.218681
0.215274
0.211865
0.208453
0.205038
0.201621
0.198201
0.194780
0.191355
0.187929
0.184500
0.181068
0.177635
0.174199
0.170762
0.167322
0.163880
0.160436
0.156991
0.153543
0.150093
0.146642
0.143189
0.139734
0.136277
0.132819
0.129359
0.125898
0.122435
0.118970
0.115504
0.112037
0.108568
0.105098
0.101627
0.098154
0.094681
0.091206
0.087730
0.084253
0.080775
0.077295
0.073815
0.070335
0.066853
0.063370
0.059887
0.056403
0.052918
0.049432
0.045946
0.042460
0.038973
0.035485
0.031997
0.028509
0.025020
0.021531
0.018042
0.014552
0.011062
0.007573
0.004083
